-1,-1,-1,-1,-1,-1,-1,-1,-1,-1,-1,-1,-1,-1,-1,-1,-1,-1,-1,-1,-1,-1,-1,-1,-1,-1,-1,-1,-1,-1,-1,-1,-1,-1,-1,490,491,-1,-1,-1,-1,-1,-1,-1,-1,-1,-1,-1,-1,-1,-1,-1,-1,-1,163,164,165,-1,-1,-1,-1,-1,-1,-1,-1,-1,490,491,-1,-1,-1,-1,-1,-1,-1,-1,-1,-1,-1,-1,-1,-1,-1,-1,-1,-1,-1,-1,-1,-1,-1,-1,-1,-1,-1,490,491,-1,-1,-1
-1,-1,-1,-1,-1,-1,-1,-1,-1,-1,-1,-1,-1,-1,-1,-1,-1,-1,-1,-1,-1,-1,-1,-1,-1,-1,-1,-1,-1,-1,-1,-1,-1,-1,-1,490,491,-1,-1,-1,-1,-1,-1,-1,-1,-1,-1,-1,-1,-1,-1,-1,-1,-1,502,503,504,-1,-1,-1,-1,-1,-1,-1,-1,-1,490,491,-1,-1,-1,-1,-1,-1,-1,-1,-1,-1,-1,-1,-1,-1,-1,-1,-1,-1,-1,-1,-1,-1,-1,-1,-1,-1,-1,490,491,-1,-1,-1
-1,-1,-1,-1,-1,-1,-1,-1,-1,-1,-1,-1,-1,-1,-1,-1,-1,-1,-1,-1,-1,-1,-1,-1,-1,-1,-1,-1,-1,-1,-1,-1,-1,-1,-1,490,491,-1,-1,-1,-1,-1,-1,-1,-1,-1,-1,-1,-1,-1,-1,-1,548,549,550,551,552,553,554,-1,-1,-1,-1,-1,-1,-1,490,491,-1,-1,-1,-1,-1,-1,-1,-1,-1,-1,-1,-1,-1,-1,-1,-1,-1,-1,-1,-1,-1,-1,-1,-1,-1,-1,-1,490,491,-1,-1,-1
-1,-1,-1,-1,-1,-1,-1,-1,-1,-1,-1,-1,-1,-1,-1,-1,-1,-1,-1,-1,-1,-1,-1,-1,-1,-1,-1,-1,-1,-1,-1,-1,-1,-1,-1,490,491,-1,-1,-1,-1,-1,-1,-1,-1,-1,-1,-1,-1,-1,-1,-1,-1,-1,-1,-1,-1,-1,-1,-1,-1,-1,-1,-1,-1,-1,346,347,-1,-1,-1,-1,-1,-1,-1,-1,-1,-1,-1,-1,-1,-1,-1,-1,-1,-1,-1,-1,-1,-1,-1,-1,-1,-1,-1,346,347,-1,-1,-1
-1,-1,-1,-1,-1,-1,-1,-1,-1,-1,-1,-1,-1,-1,-1,-1,-1,-1,-1,-1,-1,-1,-1,-1,-1,-1,-1,-1,-1,-1,-1,-1,-1,-1,-1,490,491,-1,-1,-1,-1,-1,-1,-1,-1,-1,360,361,361,362,-1,-1,-1,-1,-1,-1,-1,-1,-1,-1,-1,-1,-1,-1,-1,-1,490,491,-1,-1,-1,-1,-1,-1,-1,-1,-1,-1,360,361,361,362,-1,360,361,361,362,-1,-1,-1,-1,-1,-1,-1,-1,490,491,-1,-1,-1
-1,-1,-1,-1,-1,-1,-1,-1,-1,-1,-1,-1,-1,-1,-1,-1,-1,-1,-1,-1,-1,-1,-1,-1,-1,-1,-1,-1,-1,-1,-1,-1,-1,-1,-1,538,539,-1,-1,-1,-1,-1,-1,-1,-1,-1,460,461,461,462,-1,-1,-1,-1,-1,-1,-1,-1,-1,-1,-1,-1,-1,-1,-1,-1,346,347,-1,-1,-1,-1,360,361,361,362,-1,-1,460,461,461,462,-1,460,461,461,462,-1,-1,360,361,361,362,-1,-1,346,347,-1,-1,-1
-1,-1,-1,-1,-1,-1,-1,-1,-1,-1,-1,360,361,361,362,-1,-1,-1,-1,-1,-1,-1,-1,-1,-1,-1,-1,-1,-1,-1,-1,-1,-1,-1,-1,-1,-1,-1,-1,-1,360,361,361,362,-1,-1,-1,-1,-1,-1,-1,-1,-1,-1,-1,-1,-1,-1,-1,-1,-1,-1,-1,-1,-1,-1,538,539,-1,-1,-1,-1,460,461,461,462,-1,-1,-1,-1,-1,-1,-1,-1,-1,-1,-1,-1,-1,460,461,461,462,-1,-1,538,539,-1,-1,-1
-1,-1,-1,-1,-1,-1,-1,-1,-1,-1,-1,460,461,461,462,-1,-1,-1,-1,-1,-1,-1,360,361,361,362,-1,-1,360,361,361,362,-1,-1,-1,-1,-1,-1,-1,-1,460,461,461,462,-1,-1,-1,-1,-1,-1,-1,-1,-1,-1,-1,-1,-1,-1,-1,-1,-1,-1,-1,-1,-1,-1,-1,-1,-1,-1,-1,-1,-1,-1,-1,-1,-1,-1,-1,-1,-1,-1,-1,-1,-1,-1,-1,-1,-1,-1,-1,-1,-1,-1,-1,-1,-1,-1,-1,-1
-1,-1,-1,-1,-1,-1,-1,-1,-1,-1,-1,-1,-1,-1,-1,-1,-1,-1,-1,-1,-1,-1,460,461,461,462,-1,-1,460,461,461,462,-1,-1,-1,-1,-1,-1,-1,-1,-1,-1,-1,-1,-1,-1,-1,-1,-1,-1,-1,-1,-1,-1,-1,-1,-1,360,361,362,341,360,361,362,-1,-1,-1,-1,-1,-1,-1,-1,-1,-1,-1,-1,-1,-1,-1,-1,-1,-1,-1,-1,-1,-1,-1,-1,-1,-1,-1,-1,-1,-1,-1,-1,-1,-1,-1,-1
610,611,612,613,614,615,616,617,618,316,402,-1,-1,-1,-1,-1,-1,-1,-1,-1,-1,-1,-1,-1,-1,-1,-1,-1,-1,-1,-1,-1,-1,-1,-1,-1,-1,-1,-1,-1,-1,-1,-1,-1,-1,-1,-1,-1,-1,-1,-1,-1,-1,-1,-1,-1,-1,460,461,462,341,460,461,462,-1,-1,-1,-1,-1,-1,-1,-1,-1,-1,-1,-1,-1,-1,-1,-1,-1,-1,-1,-1,-1,-1,-1,-1,-1,-1,-1,-1,-1,-1,-1,-1,-1,-1,-1,-1
51,661,662,663,664,665,666,667,53,72,396,674,675,676,677,678,679,680,681,104,-1,-1,-1,-1,-1,-1,-1,-1,-1,-1,-1,-1,-1,-1,100,673,674,675,676,677,678,679,680,681,682,101,102,103,101,102,103,676,677,678,679,104,-1,-1,-1,-1,-1,-1,-1,-1,-1,100,673,674,675,676,677,678,679,680,681,682,101,102,103,673,674,675,676,677,678,679,680,681,682,101,102,103,101,102,103,676,677,678,679,103
101,102,102,102,102,102,102,102,670,52,721,722,723,724,725,726,727,728,53,152,-1,-1,-1,-1,-1,-1,-1,-1,-1,-1,-1,-1,-1,-1,148,149,722,723,724,725,726,727,728,729,730,150,150,150,150,150,150,150,150,150,151,152,-1,-1,-1,-1,-1,-1,-1,-1,-1,148,149,722,723,724,725,726,727,728,729,730,150,726,727,728,729,730,150,725,726,727,728,729,730,150,150,150,150,150,150,150,150,150,150,151
101,102,102,102,102,102,102,102,102,102,102,102,102,102,102,102,102,102,103,200,-1,-1,-1,-1,-1,-1,-1,-1,-1,-1,-1,-1,-1,-1,196,197,198,198,198,198,198,198,198,198,198,198,198,198,198,198,198,198,198,198,199,200,-1,-1,-1,-1,-1,-1,-1,-1,-1,196,197,198,198,198,198,198,198,198,198,198,198,198,198,198,198,198,198,198,198,198,198,198,198,198,198,198,198,198,198,198,198,198,198,199
151,152,152,152,152,152,152,152,152,152,152,152,152,152,152,152,152,152,153,248,-1,-1,-1,-1,-1,-1,-1,-1,-1,-1,-1,-1,-1,-1,244,245,246,246,246,246,246,246,246,246,246,246,246,246,246,246,246,246,246,246,247,248,-1,-1,-1,-1,-1,-1,-1,-1,-1,244,245,246,246,246,246,246,246,246,246,246,246,246,246,246,246,246,246,246,246,246,246,246,246,246,246,246,246,246,246,246,246,246,246,247
