-1,-1,-1,-1,-1,-1,-1,-1,-1,-1,-1,-1,-1,-1,-1,-1,-1,-1,-1,-1,-1,-1,-1,-1,-1,-1,-1,-1,-1,204,205,-1,-1,-1,-1,-1,-1,-1,-1,-1,-1,-1,-1,-1,-1,-1,204,205,-1,-1,-1,-1,-1,-1,-1,-1,-1,-1,-1,-1,-1,-1,204,205,-1,-1,-1,-1,-1,-1,-1,-1,-1,-1,204,205,-1,-1,-1,-1,-1,204,205,-1,-1,-1,-1,-1,-1,-1,-1,-1,-1,-1,-1,-1,-1,-1,204,205
-1,-1,-1,-1,-1,-1,-1,-1,-1,-1,-1,-1,-1,-1,-1,-1,-1,-1,-1,-1,-1,-1,-1,-1,-1,-1,-1,-1,-1,204,205,-1,-1,-1,-1,-1,-1,-1,-1,-1,-1,-1,-1,-1,-1,-1,204,205,-1,-1,-1,-1,-1,-1,-1,-1,-1,-1,-1,-1,-1,-1,204,205,-1,-1,-1,-1,-1,-1,-1,-1,-1,-1,204,205,-1,-1,-1,-1,-1,204,205,-1,-1,-1,-1,-1,-1,-1,-1,-1,-1,-1,-1,-1,-1,-1,204,205
-1,-1,-1,-1,-1,-1,-1,-1,-1,-1,-1,-1,-1,-1,-1,-1,-1,-1,-1,-1,-1,-1,-1,-1,-1,-1,-1,-1,-1,329,205,-1,-1,-1,-1,-1,-1,-1,-1,-1,-1,-1,-1,229,230,230,231,205,-1,-1,-1,-1,-1,-1,-1,-1,-1,-1,-1,-1,-1,-1,329,205,-1,-1,-1,-1,-1,-1,-1,-1,-1,-1,329,205,-1,-1,-1,-1,-1,329,205,-1,-1,-1,-1,-1,-1,-1,-1,-1,-1,-1,-1,-1,-1,-1,329,205
-1,-1,-1,-1,-1,-1,-1,-1,-1,-1,-1,-1,-1,-1,-1,-1,-1,-1,-1,-1,-1,-1,-1,-1,-1,-1,-1,-1,-1,329,205,-1,-1,-1,-1,-1,-1,-1,-1,-1,-1,-1,-1,256,257,257,258,205,-1,-1,-1,-1,-1,-1,-1,-1,-1,-1,-1,-1,-1,-1,329,205,-1,-1,-1,-1,-1,-1,-1,-1,-1,-1,329,205,-1,-1,-1,-1,-1,204,205,-1,-1,-1,-1,-1,-1,-1,-1,-1,-1,-1,-1,-1,-1,-1,204,205
-1,-1,-1,-1,-1,-1,-1,-1,-1,-1,-1,-1,-1,-1,-1,-1,-1,-1,-1,-1,-1,-1,-1,-1,-1,-1,-1,-1,-1,285,205,-1,-1,-1,-1,-1,-1,-1,-1,5,277,277,6,-1,-1,-1,285,205,-1,-1,-1,-1,-1,-1,-1,-1,-1,-1,-1,-1,-1,-1,285,205,-1,-1,-1,-1,-1,-1,-1,-1,-1,-1,285,205,-1,-1,-1,-1,-1,329,205,-1,-1,-1,-1,-1,-1,-1,-1,-1,-1,-1,-1,-1,-1,-1,329,205
-1,-1,-1,-1,-1,-1,-1,-1,-1,-1,-1,-1,-1,-1,-1,-1,-1,-1,-1,-1,-1,-1,-1,-1,-1,-1,-1,-1,-1,312,313,-1,-1,-1,-1,-1,-1,-1,-1,32,304,304,33,-1,-1,-1,312,313,-1,-1,-1,-1,-1,-1,-1,-1,-1,-1,-1,-1,-1,-1,312,313,-1,-1,-1,-1,-1,-1,-1,-1,-1,-1,312,313,-1,-1,-1,-1,-1,329,205,-1,-1,-1,-1,-1,-1,-1,-1,-1,-1,-1,-1,-1,-1,-1,329,205
-1,-1,-1,-1,-1,-1,-1,-1,-1,-1,-1,-1,-1,-1,-1,-1,-1,-1,-1,-1,-1,-1,-1,-1,-1,-1,-1,-1,-1,-1,-1,-1,-1,-1,5,277,277,6,-1,-1,-1,-1,-1,-1,-1,-1,-1,-1,-1,-1,-1,-1,-1,-1,-1,-1,-1,-1,-1,-1,-1,-1,-1,-1,-1,-1,-1,-1,-1,-1,-1,-1,-1,-1,-1,-1,-1,-1,-1,-1,-1,329,205,-1,-1,-1,-1,-1,-1,-1,-1,-1,-1,-1,-1,801,-1,-1,329,205
-1,-1,-1,-1,-1,-1,-1,-1,-1,-1,-1,-1,-1,-1,-1,-1,-1,-1,-1,-1,-1,-1,-1,-1,-1,-1,-1,-1,-1,-1,-1,-1,-1,-1,32,304,304,33,-1,-1,-1,-1,-1,-1,-1,-1,-1,-1,-1,-1,-1,-1,-1,-1,-1,-1,-1,-1,-1,-1,-1,-1,-1,-1,-1,-1,-1,-1,-1,-1,-1,-1,-1,-1,-1,-1,-1,-1,-1,-1,-1,312,313,-1,-1,-1,-1,-1,-1,-1,-1,-1,-1,-1,-1,-1,-1,-1,312,313
-1,-1,-1,-1,-1,-1,910,501,-1,-1,-1,802,-1,-1,-1,-1,-1,5,277,277,6,-1,-1,5,277,277,6,-1,-1,-1,-1,-1,-1,-1,-1,-1,-1,-1,-1,-1,-1,-1,-1,-1,-1,-1,-1,-1,-1,-1,5,277,277,6,-1,-1,5,277,277,6,-1,-1,-1,-1,-1,-1,-1,-1,-1,-1,-1,-1,-1,-1,-1,-1,-1,-1,-1,-1,-1,-1,-1,-1,-1,-1,-1,-1,-1,-1,-1,-1,-1,-1,-1,-1,-1,-1,-1,-1
2,335,336,337,338,339,2,3,4,-1,-1,-1,-1,-1,-1,-1,-1,32,304,304,33,-1,-1,32,304,304,33,-1,-1,-1,-1,-1,-1,-1,-1,-1,-1,-1,800,-1,-1,-1,-1,-1,-1,-1,-1,-1,-1,-1,32,304,304,33,-1,-1,32,304,304,33,-1,-1,-1,-1,-1,-1,-1,-1,-1,-1,-1,-1,-1,-1,-1,-1,-1,-1,-1,-1,-1,-1,-1,-1,-1,-1,-1,-1,-1,-1,-1,-1,-1,-1,-1,-1,-1,-1,-1,-1
28,362,363,364,365,366,29,30,232,2,337,338,339,340,3,4,-1,-1,-1,-1,-1,-1,-1,-1,-1,-1,-1,-1,-1,0,335,336,337,338,339,340,341,342,343,342,343,2,337,338,339,340,3,4,-1,-1,-1,-1,-1,-1,-1,-1,-1,-1,-1,-1,-1,-1,0,335,336,337,338,339,340,341,3,3,3,3,3,4,-1,-1,-1,-1,0,335,336,337,338,339,340,341,342,343,342,342,343,342,3,3,3,3,3,4
55,56,56,56,56,56,56,371,29,29,364,365,366,367,30,31,-1,-1,-1,-1,-1,-1,-1,-1,-1,-1,-1,-1,-1,27,28,363,364,365,366,367,368,369,370,369,370,29,364,365,366,367,30,31,-1,-1,-1,-1,-1,-1,-1,-1,-1,-1,-1,-1,-1,-1,27,28,363,364,365,366,367,368,369,370,369,367,30,31,-1,-1,-1,-1,27,28,363,364,365,366,367,368,369,370,369,369,370,369,369,370,369,367,30,31
55,56,56,56,56,56,56,56,56,56,56,56,56,56,57,58,-1,-1,-1,-1,-1,-1,-1,-1,-1,-1,-1,-1,-1,81,55,56,56,56,56,56,56,56,56,56,56,56,56,56,56,56,57,58,-1,-1,-1,-1,-1,-1,-1,-1,-1,-1,-1,-1,-1,-1,81,55,56,56,56,56,56,56,56,56,56,56,57,58,-1,-1,-1,-1,81,55,56,56,56,56,56,56,56,56,56,56,56,56,56,56,56,56,57,58
82,83,83,83,83,83,83,83,83,83,83,83,83,83,84,85,-1,-1,-1,-1,-1,-1,-1,-1,-1,-1,-1,-1,-1,54,82,83,83,83,83,83,83,83,83,83,83,83,83,83,83,83,84,85,-1,-1,-1,-1,-1,-1,-1,-1,-1,-1,-1,-1,-1,-1,54,82,83,83,83,83,83,83,83,83,83,83,84,85,-1,-1,-1,-1,54,82,83,83,83,83,83,83,83,83,83,83,83,83,83,83,83,83,84,85